0.000000000000000000e+00 8.000000000000000000e+01 -1.097637354339999938e+01 1.657354473450000087e-01
0.000000000000000000e+00 7.600000000000000000e+01 -1.053564704949999964e+01 1.361552747600000002e+00
0.000000000000000000e+00 7.200000000000000000e+01 -1.006471831280000018e+01 2.592648241710000079e+00
0.000000000000000000e+00 6.800000000000000000e+01 -9.547666162440000548e+00 3.865603190489999896e+00
0.000000000000000000e+00 6.400000000000000000e+01 -8.975512314730000440e+00 5.186831568439999707e+00
0.000000000000000000e+00 6.000000000000000000e+01 -8.420077916329999468e+00 6.490004768210000385e+00
0.000000000000000000e+00 5.600000000000000000e+01 -7.844725832529999998e+00 7.466202725149999608e+00
0.000000000000000000e+00 5.200000000000000000e+01 -7.209040126479999699e+00 8.703331837620000400e+00
0.000000000000000000e+00 4.800000000000000000e+01 -6.689988438240000335e+00 9.867492331650000281e+00
0.000000000000000000e+00 4.400000000000000000e+01 -6.085211045730000379e+00 1.115216126830000043e+01
0.000000000000000000e+00 4.000000000000000000e+01 -5.510787013889999919e+00 1.234744778810000021e+01
0.000000000000000000e+00 3.600000000000000000e+01 -4.950847678839999766e+00 1.367773043559999913e+01
0.000000000000000000e+00 3.200000000000000000e+01 -4.377293215459999942e+00 1.501733031490000059e+01
0.000000000000000000e+00 2.800000000000000000e+01 -3.718901826180000203e+00 1.627801248089999930e+01
0.000000000000000000e+00 2.400000000000000000e+01 -3.217079076670000148e+00 1.745522461270000036e+01
0.000000000000000000e+00 2.000000000000000000e+01 -2.767406102149999825e+00 1.854557552119999997e+01
0.000000000000000000e+00 1.600000000000000000e+01 -2.305178386150000147e+00 1.962337595720000039e+01
0.000000000000000000e+00 1.200000000000000000e+01 -1.886659611980000095e+00 2.060184324440000125e+01
0.000000000000000000e+00 8.000000000000000000e+00 -1.467875741080000074e+00 2.156889899320000126e+01
0.000000000000000000e+00 4.000000000000000000e+00 -1.053157753740000091e+00 2.238784550489999958e+01
4.000000000000000000e+00 8.000000000000000000e+01 -4.164319379410000188e+00 1.464803735439999954e+01
4.000000000000000000e+00 7.600000000000000000e+01 -1.060054921450000087e+01 1.623724116080000002e+00
4.000000000000000000e+00 7.200000000000000000e+01 -1.016150380090000027e+01 3.002077528210000068e+00
4.000000000000000000e+00 6.800000000000000000e+01 -9.594174628050000209e+00 4.158308812939999655e+00
4.000000000000000000e+00 6.400000000000000000e+01 -8.994433646270000082e+00 5.618363347089999849e+00
4.000000000000000000e+00 6.000000000000000000e+01 -8.427721751780000048e+00 6.840538187269999959e+00
4.000000000000000000e+00 5.600000000000000000e+01 -7.785775323580000240e+00 8.094687704269999173e+00
4.000000000000000000e+00 5.200000000000000000e+01 -7.187801653260000201e+00 9.393834080630000472e+00
4.000000000000000000e+00 4.800000000000000000e+01 -6.585480567520000328e+00 1.044737966099999937e+01
4.000000000000000000e+00 4.400000000000000000e+01 -6.052806920760000153e+00 1.168195257520000041e+01
4.000000000000000000e+00 4.000000000000000000e+01 -5.452640332819999713e+00 1.293809522679999979e+01
4.000000000000000000e+00 3.600000000000000000e+01 -4.867886066749999685e+00 1.419965507220000056e+01
4.000000000000000000e+00 3.200000000000000000e+01 -4.302089844490000203e+00 1.538438468090000022e+01
4.000000000000000000e+00 2.800000000000000000e+01 -3.753967590489999839e+00 1.651382817709999884e+01
4.000000000000000000e+00 2.400000000000000000e+01 -3.202079767809999922e+00 1.753771963750000040e+01
4.000000000000000000e+00 2.000000000000000000e+01 -2.697871361299999826e+00 1.857506827810000161e+01
4.000000000000000000e+00 1.600000000000000000e+01 -2.218271912930000145e+00 1.959210564360000006e+01
4.000000000000000000e+00 1.200000000000000000e+01 -1.841286878760000079e+00 2.054065670230000151e+01
4.000000000000000000e+00 8.000000000000000000e+00 -1.437276813770000050e+00 2.143949935179999855e+01
4.000000000000000000e+00 4.000000000000000000e+00 -9.196595719760000121e-01 2.249511021069999828e+01
8.000000000000000000e+00 8.000000000000000000e+01 -3.066535517510000197e+00 1.228416010910000011e+01
8.000000000000000000e+00 7.600000000000000000e+01 -9.349425044420000219e+00 -7.034095929950000547e-01
8.000000000000000000e+00 7.200000000000000000e+01 -8.890165685950000451e+00 4.690400826400000223e-01
8.000000000000000000e+00 6.800000000000000000e+01 -8.338099424590000197e+00 1.697696025289999966e+00
8.000000000000000000e+00 6.400000000000000000e+01 -7.744641363080000396e+00 2.909552370620000161e+00
8.000000000000000000e+00 6.000000000000000000e+01 -7.147868525389999839e+00 4.152782336119999584e+00
8.000000000000000000e+00 5.600000000000000000e+01 -6.464114082390000071e+00 5.442600381630000150e+00
8.000000000000000000e+00 5.200000000000000000e+01 -5.880257132419999699e+00 6.792580014010000333e+00
8.000000000000000000e+00 4.800000000000000000e+01 -5.357853528839999768e+00 8.071488966749999605e+00
8.000000000000000000e+00 4.400000000000000000e+01 -4.815993277649999627e+00 9.318098381789999607e+00
8.000000000000000000e+00 4.000000000000000000e+01 -4.214352222619999644e+00 1.044438718440000002e+01
8.000000000000000000e+00 3.600000000000000000e+01 -3.685668687000000165e+00 1.161831228760000023e+01
8.000000000000000000e+00 3.200000000000000000e+01 -3.159229295399999859e+00 1.278609619700000088e+01
8.000000000000000000e+00 2.800000000000000000e+01 -2.622542272160000021e+00 1.400297379859999936e+01
8.000000000000000000e+00 2.400000000000000000e+01 -2.134908813780000081e+00 1.509700788660000015e+01
8.000000000000000000e+00 2.000000000000000000e+01 -1.651828103359999966e+00 1.607802454200000142e+01
8.000000000000000000e+00 1.600000000000000000e+01 -1.172403251690000037e+00 1.704493344169999958e+01
8.000000000000000000e+00 1.200000000000000000e+01 -7.503453723109999585e-01 1.791102704169999882e+01
8.000000000000000000e+00 8.000000000000000000e+00 -3.287129923689999789e-01 1.879975930359999836e+01
8.000000000000000000e+00 4.000000000000000000e+00 1.187856074440000048e-01 1.979489225249999862e+01
1.200000000000000000e+01 8.000000000000000000e+01 -2.465745461370000058e+00 1.092794664840000074e+01
1.200000000000000000e+01 7.600000000000000000e+01 -8.812865873790000748e+00 -1.991266733880000084e+00
1.200000000000000000e+01 7.200000000000000000e+01 -8.370722969379999157e+00 -9.897941955300000316e-01
1.200000000000000000e+01 6.800000000000000000e+01 -7.819729901489999691e+00 3.035385159139999955e-01
1.200000000000000000e+01 6.400000000000000000e+01 -7.250755506840000031e+00 1.589127713829999955e+00
1.200000000000000000e+01 6.000000000000000000e+01 -6.694208214489999698e+00 2.652353059679999792e+00
1.200000000000000000e+01 5.600000000000000000e+01 -6.112711948650000338e+00 3.973134700570000177e+00
1.200000000000000000e+01 5.200000000000000000e+01 -5.506802879170000331e+00 5.270897963630000405e+00
1.200000000000000000e+01 4.800000000000000000e+01 -4.918294570369999619e+00 6.571411658489999752e+00
1.200000000000000000e+01 4.400000000000000000e+01 -4.310674111620000026e+00 8.056631597759999153e+00
1.200000000000000000e+01 4.000000000000000000e+01 -3.669870459439999788e+00 9.219340676590000783e+00
1.200000000000000000e+01 3.600000000000000000e+01 -3.100894570679999962e+00 1.037342664160000005e+01
1.200000000000000000e+01 3.200000000000000000e+01 -2.587914066839999805e+00 1.148572209409999978e+01
1.200000000000000000e+01 2.800000000000000000e+01 -2.046901826320000062e+00 1.254799836389999967e+01
1.200000000000000000e+01 2.400000000000000000e+01 -1.538550269749999977e+00 1.356878123439999939e+01
1.200000000000000000e+01 2.000000000000000000e+01 -8.989440351099999837e-01 1.455350412119999959e+01
1.200000000000000000e+01 1.600000000000000000e+01 -4.838176237969999960e-01 1.554073966380000016e+01
1.200000000000000000e+01 1.200000000000000000e+01 -9.615054062769999577e-02 1.644576875710000152e+01
1.200000000000000000e+01 8.000000000000000000e+00 3.405774311640000218e-01 1.731409582899999933e+01
1.200000000000000000e+01 4.000000000000000000e+00 6.638727228190000051e-01 1.812608920810000157e+01
1.600000000000000000e+01 8.000000000000000000e+01 -1.812922383799999926e+00 9.264158670369999626e+00
1.600000000000000000e+01 7.600000000000000000e+01 -8.111914295129999175e+00 -3.516443493230000161e+00
1.600000000000000000e+01 7.200000000000000000e+01 -7.614771292420000393e+00 -2.335898229160000117e+00
1.600000000000000000e+01 6.800000000000000000e+01 -7.082313223509999922e+00 -1.044484907600000012e+00
1.600000000000000000e+01 6.400000000000000000e+01 -6.529043995070000328e+00 2.033934952310000044e-01
1.600000000000000000e+01 6.000000000000000000e+01 -5.945490988519999576e+00 1.429184000100000018e+00
1.600000000000000000e+01 5.600000000000000000e+01 -5.323656479220000293e+00 2.732123906220000009e+00
1.600000000000000000e+01 5.200000000000000000e+01 -4.717883159750000388e+00 3.932539898129999933e+00
1.600000000000000000e+01 4.800000000000000000e+01 -4.107900736200000402e+00 5.236312447000000425e+00
1.600000000000000000e+01 4.400000000000000000e+01 -3.548201525000000078e+00 6.561652171939999612e+00
1.600000000000000000e+01 4.000000000000000000e+01 -2.994746387350000205e+00 7.790327644659999606e+00
1.600000000000000000e+01 3.600000000000000000e+01 -2.427761498729999801e+00 8.999912311759999284e+00
1.600000000000000000e+01 3.200000000000000000e+01 -1.929187998289999983e+00 1.023269144750000059e+01
1.600000000000000000e+01 2.800000000000000000e+01 -1.332167246070000033e+00 1.130605823690000022e+01
1.600000000000000000e+01 2.400000000000000000e+01 -8.726368144699999663e-01 1.234481304270000024e+01
1.600000000000000000e+01 2.000000000000000000e+01 -4.467094728400000103e-01 1.333641051490000073e+01
1.600000000000000000e+01 1.600000000000000000e+01 4.303062199299999974e-02 1.432601613309999955e+01
1.600000000000000000e+01 1.200000000000000000e+01 4.413370488100000211e-01 1.518115410969999957e+01
1.600000000000000000e+01 8.000000000000000000e+00 8.322861379270000137e-01 1.602814537809999962e+01
1.600000000000000000e+01 4.000000000000000000e+00 1.262738266439999979e+00 1.686486062690000054e+01
2.000000000000000000e+01 8.000000000000000000e+01 -1.272843851480000010e+00 7.870323673989999769e+00
2.000000000000000000e+01 7.600000000000000000e+01 -7.649332903400000383e+00 -4.826128424600000244e+00
2.000000000000000000e+01 7.200000000000000000e+01 -7.203345456260000113e+00 -3.641242148429999936e+00
2.000000000000000000e+01 6.800000000000000000e+01 -6.656970023130000413e+00 -2.396813484719999998e+00
2.000000000000000000e+01 6.400000000000000000e+01 -6.088228281800000197e+00 -1.180256048249999967e+00
2.000000000000000000e+01 6.000000000000000000e+01 -5.509274980759999885e+00 1.211540289000000020e-01
2.000000000000000000e+01 5.600000000000000000e+01 -4.894807684249999902e+00 1.392324243910000092e+00
2.000000000000000000e+01 5.200000000000000000e+01 -4.288859341180000229e+00 2.614810284579999866e+00
2.000000000000000000e+01 4.800000000000000000e+01 -3.651873337870000125e+00 3.727532197079999943e+00
2.000000000000000000e+01 4.400000000000000000e+01 -3.096006716559999816e+00 4.984686143540000280e+00
2.000000000000000000e+01 4.000000000000000000e+01 -2.533692610120000133e+00 6.307175118279999992e+00
2.000000000000000000e+01 3.600000000000000000e+01 -2.020169106240000012e+00 7.623081071319999680e+00
2.000000000000000000e+01 3.200000000000000000e+01 -1.461474679890000017e+00 8.760013016220000281e+00
2.000000000000000000e+01 2.800000000000000000e+01 -9.478865026599999632e-01 9.835511678410000513e+00
2.000000000000000000e+01 2.400000000000000000e+01 -4.571383179290000043e-01 1.088071589029999942e+01
2.000000000000000000e+01 2.000000000000000000e+01 7.611351368679999951e-02 1.184539985580000021e+01
2.000000000000000000e+01 1.600000000000000000e+01 5.736716438140000429e-01 1.279856214600000008e+01
2.000000000000000000e+01 1.200000000000000000e+01 9.643999790820000362e-01 1.379681905270000009e+01
2.000000000000000000e+01 8.000000000000000000e+00 1.387931365060000033e+00 1.481566385700000055e+01
2.000000000000000000e+01 4.000000000000000000e+00 1.797519880340000098e+00 1.543224040129999963e+01
2.400000000000000000e+01 8.000000000000000000e+01 -4.226169943990000233e-01 7.131886736500000268e+00
2.400000000000000000e+01 7.600000000000000000e+01 -6.926207969360000050e+00 -6.039622521230000096e+00
2.400000000000000000e+01 7.200000000000000000e+01 -6.425058206940000183e+00 -4.864036828269999724e+00
2.400000000000000000e+01 6.800000000000000000e+01 -5.889802748670000199e+00 -3.662849878749999899e+00
2.400000000000000000e+01 6.400000000000000000e+01 -5.374004364910000220e+00 -2.374572040899999958e+00
2.400000000000000000e+01 6.000000000000000000e+01 -4.772595536319999887e+00 -1.047859768099999922e+00
2.400000000000000000e+01 5.600000000000000000e+01 -4.149114524539999849e+00 2.068331624879999886e-01
2.400000000000000000e+01 5.200000000000000000e+01 -3.558084595279999984e+00 1.488782843409999890e+00
2.400000000000000000e+01 4.800000000000000000e+01 -3.101038004659999903e+00 2.573867569369999941e+00
2.400000000000000000e+01 4.400000000000000000e+01 -2.483959868339999932e+00 3.683099255210000145e+00
2.400000000000000000e+01 4.000000000000000000e+01 -1.917328868900000094e+00 4.758209023490000078e+00
2.400000000000000000e+01 3.600000000000000000e+01 -1.427396091359999897e+00 5.834200739959999993e+00
2.400000000000000000e+01 3.200000000000000000e+01 -8.654742405469999511e-01 7.074480277190000166e+00
2.400000000000000000e+01 2.800000000000000000e+01 -3.489215210909999976e-01 8.232908534950000856e+00
2.400000000000000000e+01 2.400000000000000000e+01 1.797351206679999869e-01 9.293743634760000205e+00
2.400000000000000000e+01 2.000000000000000000e+01 6.600421606330000301e-01 1.031285567029999939e+01
2.400000000000000000e+01 1.600000000000000000e+01 1.095515812209999940e+00 1.107887675359999946e+01
2.400000000000000000e+01 1.200000000000000000e+01 1.523425029270000008e+00 1.203915012450000077e+01
2.400000000000000000e+01 8.000000000000000000e+00 1.935933877310000106e+00 1.295401639780000025e+01
2.400000000000000000e+01 4.000000000000000000e+00 2.375218134109999824e+00 1.383320859300000016e+01
2.800000000000000000e+01 8.000000000000000000e+01 -2.048895734629999910e-01 5.173803836370000298e+00
2.800000000000000000e+01 7.600000000000000000e+01 -6.578941088279999683e+00 -7.495487161209999805e+00
2.800000000000000000e+01 7.200000000000000000e+01 -6.039869688699999628e+00 -6.701978408439999590e+00
2.800000000000000000e+01 6.800000000000000000e+01 -5.441364544279999826e+00 -5.565448164040000201e+00
2.800000000000000000e+01 6.400000000000000000e+01 -4.842185772449999703e+00 -4.156942775100000098e+00
2.800000000000000000e+01 6.000000000000000000e+01 -4.322906553540000196e+00 -2.802361516219999960e+00
2.800000000000000000e+01 5.600000000000000000e+01 -3.730525527480000214e+00 -1.435629991129999894e+00
2.800000000000000000e+01 5.200000000000000000e+01 -3.144483770749999962e+00 5.010561408079999834e-02
2.800000000000000000e+01 4.800000000000000000e+01 -2.557280028090000101e+00 1.296737774189999914e+00
2.800000000000000000e+01 4.400000000000000000e+01 -1.950411957360000059e+00 2.503602852060000217e+00
2.800000000000000000e+01 4.000000000000000000e+01 -1.359342861230000032e+00 3.710766643990000002e+00
2.800000000000000000e+01 3.600000000000000000e+01 -8.151938029719999479e-01 4.920196351170000426e+00
2.800000000000000000e+01 3.200000000000000000e+01 -4.595278169220000097e-01 6.053084397190000132e+00
2.800000000000000000e+01 2.800000000000000000e+01 -7.766045148219999361e-02 7.127338684289999726e+00
2.800000000000000000e+01 2.400000000000000000e+01 3.072835673329999961e-01 8.178821120689999447e+00
2.800000000000000000e+01 2.000000000000000000e+01 8.597605738629999772e-01 9.186950211990000170e+00
2.800000000000000000e+01 1.600000000000000000e+01 1.383661429610000049e+00 1.015349284280000042e+01
2.800000000000000000e+01 1.200000000000000000e+01 1.861563362530000099e+00 1.102534087709999966e+01
2.800000000000000000e+01 8.000000000000000000e+00 2.311441242729999956e+00 1.185961774839999983e+01
2.800000000000000000e+01 4.000000000000000000e+00 2.750829446480000051e+00 1.286649008490000057e+01
3.200000000000000000e+01 8.000000000000000000e+01 2.358660421540000052e-01 4.113444288490000211e+00
3.200000000000000000e+01 7.600000000000000000e+01 -6.186091232219999902e+00 -8.531511598859999879e+00
3.200000000000000000e+01 7.200000000000000000e+01 -5.650062681919999719e+00 -7.579664120090000345e+00
3.200000000000000000e+01 6.800000000000000000e+01 -5.038757762990000444e+00 -6.476963802650000268e+00
3.200000000000000000e+01 6.400000000000000000e+01 -4.399592502439999997e+00 -5.132494425390000004e+00
3.200000000000000000e+01 6.000000000000000000e+01 -3.850218616269999838e+00 -3.775505738260000133e+00
3.200000000000000000e+01 5.600000000000000000e+01 -3.354275378990000167e+00 -2.475389475030000064e+00
3.200000000000000000e+01 5.200000000000000000e+01 -2.731731383780000133e+00 -1.371747338540000083e+00
3.200000000000000000e+01 4.800000000000000000e+01 -2.122815323519999797e+00 -1.021267226979999942e-01
3.200000000000000000e+01 4.400000000000000000e+01 -1.480887891779999910e+00 1.163017397830000021e+00
3.200000000000000000e+01 4.000000000000000000e+01 -8.646187593540000105e-01 2.367582836390000001e+00
3.200000000000000000e+01 3.600000000000000000e+01 -2.668232075559999750e-01 3.523305058580000093e+00
3.200000000000000000e+01 3.200000000000000000e+01 2.926500204379999803e-01 4.512659880850000249e+00
3.200000000000000000e+01 2.800000000000000000e+01 8.153888368899999683e-01 5.609326153049999597e+00
3.200000000000000000e+01 2.400000000000000000e+01 1.295998512930000013e+00 6.674200882860000128e+00
3.200000000000000000e+01 2.000000000000000000e+01 1.757821860379999990e+00 7.905494879349999948e+00
3.200000000000000000e+01 1.600000000000000000e+01 2.244753196670000062e+00 8.653422791580000606e+00
3.200000000000000000e+01 1.200000000000000000e+01 2.694226388160000152e+00 9.788981868460000513e+00
3.200000000000000000e+01 8.000000000000000000e+00 3.118274413910000042e+00 1.061760505059999993e+01
3.200000000000000000e+01 4.000000000000000000e+00 3.555601394630000023e+00 1.143890541630000079e+01
3.600000000000000000e+01 8.000000000000000000e+01 1.046364383560000055e+00 2.828943972139999818e+00
3.600000000000000000e+01 7.600000000000000000e+01 -5.201793951590000020e+00 -1.015950255549999959e+01
3.600000000000000000e+01 7.200000000000000000e+01 -4.900980040830000384e+00 -8.986602834390000183e+00
3.600000000000000000e+01 6.800000000000000000e+01 -4.293646023129999989e+00 -7.713115771190000025e+00
3.600000000000000000e+01 6.400000000000000000e+01 -3.644587233569999807e+00 -6.402142068499999894e+00
3.600000000000000000e+01 6.000000000000000000e+01 -2.994683848429999795e+00 -5.072069449349999815e+00
3.600000000000000000e+01 5.600000000000000000e+01 -2.358048959530000044e+00 -3.763642980330000221e+00
3.600000000000000000e+01 5.200000000000000000e+01 -1.836960594250000023e+00 -2.309315346360000021e+00
3.600000000000000000e+01 4.800000000000000000e+01 -1.233457992519999991e+00 -1.090926778859999891e+00
3.600000000000000000e+01 4.400000000000000000e+01 -6.949374903809999449e-01 9.375124324870000303e-02
3.600000000000000000e+01 4.000000000000000000e+01 -1.885310569570000094e-01 1.248697211769999926e+00
3.600000000000000000e+01 3.600000000000000000e+01 3.367310741660000106e-01 2.365393333870000170e+00
3.600000000000000000e+01 3.200000000000000000e+01 8.447144675350000131e-01 3.492549570520000035e+00
3.600000000000000000e+01 2.800000000000000000e+01 1.369864981090000100e+00 4.569356854259999601e+00
3.600000000000000000e+01 2.400000000000000000e+01 1.852363097720000074e+00 5.638249015969999611e+00
3.600000000000000000e+01 2.000000000000000000e+01 2.255626857829999832e+00 6.630353629710000085e+00
3.600000000000000000e+01 1.600000000000000000e+01 2.727310543839999823e+00 7.574319497070000295e+00
3.600000000000000000e+01 1.200000000000000000e+01 3.307601708179999989e+00 8.465589174310000686e+00
3.600000000000000000e+01 8.000000000000000000e+00 3.671031164720000017e+00 9.358614210180000725e+00
3.600000000000000000e+01 4.000000000000000000e+00 4.122849458970000214e+00 1.009976486719999933e+01
4.000000000000000000e+01 8.000000000000000000e+01 1.639239317669999974e+00 1.617439594990000007e+00
4.000000000000000000e+01 7.600000000000000000e+01 -4.665401266830000004e+00 -1.129923573169999962e+01
4.000000000000000000e+01 7.200000000000000000e+01 -4.185612921029999711e+00 -1.015011360669999974e+01
4.000000000000000000e+01 6.800000000000000000e+01 -3.629737121659999843e+00 -8.892265969120000335e+00
4.000000000000000000e+01 6.400000000000000000e+01 -3.082201837029999947e+00 -7.599749998890000136e+00
4.000000000000000000e+01 6.000000000000000000e+01 -2.509399121339999983e+00 -6.303585853869999589e+00
4.000000000000000000e+01 5.600000000000000000e+01 -1.886455133189999911e+00 -4.989255540100000275e+00
4.000000000000000000e+01 5.200000000000000000e+01 -1.345270216939999930e+00 -3.748772804740000186e+00
4.000000000000000000e+01 4.800000000000000000e+01 -7.739397805509999895e-01 -2.394892707459999937e+00
4.000000000000000000e+01 4.400000000000000000e+01 -1.757114855759999983e-01 -1.188974891450000015e+00
4.000000000000000000e+01 4.000000000000000000e+01 4.067492109770000086e-01 -4.034589074170000234e-02
4.000000000000000000e+01 3.600000000000000000e+01 7.413568433630000065e-01 1.070404301559999993e+00
4.000000000000000000e+01 3.200000000000000000e+01 1.273882787290000040e+00 2.205811726889999935e+00
4.000000000000000000e+01 2.800000000000000000e+01 1.815842289669999943e+00 3.195228234300000025e+00
4.000000000000000000e+01 2.400000000000000000e+01 2.339056764770000019e+00 4.248376383090000097e+00
4.000000000000000000e+01 2.000000000000000000e+01 2.814364719909999923e+00 5.237104322050000427e+00
4.000000000000000000e+01 1.600000000000000000e+01 3.300645373950000128e+00 6.141160540319999583e+00
4.000000000000000000e+01 1.200000000000000000e+01 3.701869895709999803e+00 7.091229181690000161e+00
4.000000000000000000e+01 8.000000000000000000e+00 4.160706636219999588e+00 7.980936880059999794e+00
4.000000000000000000e+01 4.000000000000000000e+00 4.608614220289999786e+00 9.038400427739999188e+00
4.400000000000000000e+01 8.000000000000000000e+01 2.086341046139999822e+00 2.700325426929999773e-01
4.400000000000000000e+01 7.600000000000000000e+01 -4.241037771710000293e+00 -1.258298259280000053e+01
4.400000000000000000e+01 7.200000000000000000e+01 -3.772353179070000007e+00 -1.140669082900000042e+01
4.400000000000000000e+01 6.800000000000000000e+01 -3.158444037080000211e+00 -1.013591961979999923e+01
4.400000000000000000e+01 6.400000000000000000e+01 -2.542873878470000015e+00 -8.790824853340000189e+00
4.400000000000000000e+01 6.000000000000000000e+01 -1.923329190080000028e+00 -7.438200657100000335e+00
4.400000000000000000e+01 5.600000000000000000e+01 -1.355227778980000020e+00 -6.243128861319999778e+00
4.400000000000000000e+01 5.200000000000000000e+01 -8.447695359350000377e-01 -4.892109332639999586e+00
4.400000000000000000e+01 4.800000000000000000e+01 -2.946219440760000086e-01 -3.725948446959999938e+00
4.400000000000000000e+01 4.400000000000000000e+01 2.236674977189999913e-01 -2.605935947859999935e+00
4.400000000000000000e+01 4.000000000000000000e+01 8.889677434149999558e-01 -1.373244003739999997e+00
4.400000000000000000e+01 3.600000000000000000e+01 1.394348114340000055e+00 -2.943353429350000217e-01
4.400000000000000000e+01 3.200000000000000000e+01 1.907170243169999946e+00 8.688164442069999938e-01
4.400000000000000000e+01 2.800000000000000000e+01 2.501361696240000043e+00 1.978460129189999916e+00
4.400000000000000000e+01 2.400000000000000000e+01 3.035892514129999942e+00 3.034696163810000069e+00
4.400000000000000000e+01 2.000000000000000000e+01 3.233106329009999946e+00 4.164939219069999865e+00
4.400000000000000000e+01 1.600000000000000000e+01 3.752890555030000019e+00 5.141284878849999629e+00
4.400000000000000000e+01 1.200000000000000000e+01 4.238572500310000102e+00 6.039778761800000062e+00
4.400000000000000000e+01 8.000000000000000000e+00 4.704356396979999744e+00 6.931467215029999629e+00
4.400000000000000000e+01 4.000000000000000000e+00 5.170685428129999650e+00 7.757656288539999778e+00
4.800000000000000000e+01 8.000000000000000000e+01 2.648692932059999894e+00 -9.631130220319999991e-01
4.800000000000000000e+01 7.600000000000000000e+01 -3.417775647700000086e+00 -1.367490871370000072e+01
4.800000000000000000e+01 7.200000000000000000e+01 -2.858966495519999818e+00 -1.249839240750000080e+01
4.800000000000000000e+01 6.800000000000000000e+01 -2.317736969599999863e+00 -1.126782027660000018e+01
4.800000000000000000e+01 6.400000000000000000e+01 -1.765902080889999892e+00 -9.786601547529999223e+00
4.800000000000000000e+01 6.000000000000000000e+01 -1.219188233239999919e+00 -8.443321050070000666e+00
4.800000000000000000e+01 5.600000000000000000e+01 -6.180725158130000452e-01 -7.190474818540000257e+00
4.800000000000000000e+01 5.200000000000000000e+01 -9.823791047110000396e-02 -5.963406147829999782e+00
4.800000000000000000e+01 4.800000000000000000e+01 4.722608369990000110e-01 -4.721731117570000080e+00
4.800000000000000000e+01 4.400000000000000000e+01 1.017049104919999891e+00 -3.515708180679999906e+00
4.800000000000000000e+01 4.000000000000000000e+01 1.534725577259999918e+00 -2.311882216819999947e+00
4.800000000000000000e+01 3.600000000000000000e+01 1.825786191329999975e+00 -1.235473752100000100e+00
4.800000000000000000e+01 3.200000000000000000e+01 2.214803457489999960e+00 -7.085190680819999920e-02
4.800000000000000000e+01 2.800000000000000000e+01 2.851131414770000205e+00 9.693041616280000383e-01
4.800000000000000000e+01 2.400000000000000000e+01 3.402067279829999791e+00 1.991534391919999925e+00
4.800000000000000000e+01 2.000000000000000000e+01 3.878569023969999918e+00 2.940935168859999838e+00
4.800000000000000000e+01 1.600000000000000000e+01 4.573204812090000182e+00 3.858619322060000023e+00
4.800000000000000000e+01 1.200000000000000000e+01 5.173580574569999868e+00 4.795247004930000223e+00
4.800000000000000000e+01 8.000000000000000000e+00 5.560237583480000190e+00 5.643036978579999641e+00
4.800000000000000000e+01 4.000000000000000000e+00 5.928004423580000015e+00 6.486838548639999757e+00
5.200000000000000000e+01 8.000000000000000000e+01 3.427424784009999836e+00 -2.106901196199999937e+00
5.200000000000000000e+01 7.600000000000000000e+01 -2.707970009429999880e+00 -1.497789621769999968e+01
5.200000000000000000e+01 7.200000000000000000e+01 -2.247759120230000018e+00 -1.378164151850000074e+01
5.200000000000000000e+01 6.800000000000000000e+01 -1.710512341650000101e+00 -1.244883426240000013e+01
5.200000000000000000e+01 6.400000000000000000e+01 -1.150834047900000101e+00 -1.108166261699999922e+01
5.200000000000000000e+01 6.000000000000000000e+01 -6.492244216489999609e-01 -9.909024150669999642e+00
5.200000000000000000e+01 5.600000000000000000e+01 -1.545688617840000056e-01 -8.568362176979999134e+00
5.200000000000000000e+01 5.200000000000000000e+01 3.730795266590000159e-01 -7.222070419869999647e+00
5.200000000000000000e+01 4.800000000000000000e+01 8.995043240660000050e-01 -6.104746667419999717e+00
5.200000000000000000e+01 4.400000000000000000e+01 1.411855703450000110e+00 -5.012945624340000350e+00
5.200000000000000000e+01 4.000000000000000000e+01 1.961220731720000110e+00 -3.896681404989999820e+00
5.200000000000000000e+01 3.600000000000000000e+01 2.452548682120000212e+00 -2.639086484439999936e+00
5.200000000000000000e+01 3.200000000000000000e+01 2.872261031849999924e+00 -1.446036531380000101e+00
5.200000000000000000e+01 2.800000000000000000e+01 3.463912508329999973e+00 -3.043398625220000153e-01
5.200000000000000000e+01 2.400000000000000000e+01 3.958807098129999869e+00 7.697128005890000457e-01
5.200000000000000000e+01 2.000000000000000000e+01 4.450003567389999581e+00 1.740647136270000006e+00
5.200000000000000000e+01 1.600000000000000000e+01 4.945418959120000402e+00 2.904761206359999903e+00
5.200000000000000000e+01 1.200000000000000000e+01 5.425223099720000164e+00 3.755288378319999953e+00
5.200000000000000000e+01 8.000000000000000000e+00 5.847873924900000020e+00 4.653573086729999808e+00
5.200000000000000000e+01 4.000000000000000000e+00 6.271923658200000418e+00 5.499282414009999620e+00
5.600000000000000000e+01 8.000000000000000000e+01 3.714472448500000024e+00 -3.066065088229999791e+00
5.600000000000000000e+01 7.600000000000000000e+01 -2.303207236250000012e+00 -1.602711401950000081e+01
5.600000000000000000e+01 7.200000000000000000e+01 -1.810310049889999995e+00 -1.482886832019999979e+01
5.600000000000000000e+01 6.800000000000000000e+01 -1.443261873750000035e+00 -1.354794574229999959e+01
5.600000000000000000e+01 6.400000000000000000e+01 -9.880249630909999636e-01 -1.226256134339999981e+01
5.600000000000000000e+01 6.000000000000000000e+01 -3.657416089739999876e-01 -1.097260584029999997e+01
5.600000000000000000e+01 5.600000000000000000e+01 2.203746795279999948e-01 -9.670091326899999729e+00
5.600000000000000000e+01 5.200000000000000000e+01 8.014055720289999796e-01 -8.387817225330000070e+00
5.600000000000000000e+01 4.800000000000000000e+01 1.279467747590000037e+00 -7.177243888349999601e+00
5.600000000000000000e+01 4.400000000000000000e+01 1.803575910249999970e+00 -5.910877297349999893e+00
5.600000000000000000e+01 4.000000000000000000e+01 2.423077909949999942e+00 -4.644236218129999649e+00
5.600000000000000000e+01 3.600000000000000000e+01 2.962052192779999871e+00 -3.457029385189999804e+00
5.600000000000000000e+01 3.200000000000000000e+01 3.497067313770000130e+00 -2.247701490509999900e+00
5.600000000000000000e+01 2.800000000000000000e+01 4.011326130209999619e+00 -1.119635344600000026e+00
5.600000000000000000e+01 2.400000000000000000e+01 4.485233256239999911e+00 -8.472097277380000180e-02
5.600000000000000000e+01 2.000000000000000000e+01 4.941071116819999887e+00 9.031835548729999497e-01
5.600000000000000000e+01 1.600000000000000000e+01 5.416123153310000049e+00 1.870885290089999931e+00
5.600000000000000000e+01 1.200000000000000000e+01 5.840927195629999957e+00 2.798200010019999961e+00
5.600000000000000000e+01 8.000000000000000000e+00 6.284522795900000069e+00 3.639425744990000045e+00
5.600000000000000000e+01 4.000000000000000000e+00 6.729387530690000396e+00 4.464774705239999975e+00
6.000000000000000000e+01 8.000000000000000000e+01 4.244236007789999654e+00 -4.116379135399999889e+00
6.000000000000000000e+01 7.600000000000000000e+01 -1.753245953810000035e+00 -1.708345058600000144e+01
6.000000000000000000e+01 7.200000000000000000e+01 -1.273944685880000094e+00 -1.583166815639999925e+01
6.000000000000000000e+01 6.800000000000000000e+01 -7.663901270009999545e-01 -1.452893251559999932e+01
6.000000000000000000e+01 6.400000000000000000e+01 -2.192978441769999898e-01 -1.320264979769999947e+01
6.000000000000000000e+01 6.000000000000000000e+01 3.046475145190000178e-01 -1.209273125100000001e+01
6.000000000000000000e+01 5.600000000000000000e+01 8.651091989529999804e-01 -1.073143698330000007e+01
6.000000000000000000e+01 5.200000000000000000e+01 1.342389477940000075e+00 -9.317744919509999946e+00
6.000000000000000000e+01 4.800000000000000000e+01 1.884539265129999919e+00 -8.153571618870000037e+00
6.000000000000000000e+01 4.400000000000000000e+01 2.365836228950000120e+00 -7.059721519050000005e+00
6.000000000000000000e+01 4.000000000000000000e+01 2.924906422429999875e+00 -5.751327920319999620e+00
6.000000000000000000e+01 3.600000000000000000e+01 3.416766700690000214e+00 -4.536679521729999998e+00
6.000000000000000000e+01 3.200000000000000000e+01 3.946258333079999847e+00 -3.382254822030000163e+00
6.000000000000000000e+01 2.800000000000000000e+01 4.515556307949999848e+00 -2.281561086109999970e+00
6.000000000000000000e+01 2.400000000000000000e+01 4.989103141500000227e+00 -1.223785270720000096e+00
6.000000000000000000e+01 2.000000000000000000e+01 5.481291268849999732e+00 -2.322233101710000081e-01
6.000000000000000000e+01 1.600000000000000000e+01 6.017140526690000435e+00 7.208652086360000100e-01
6.000000000000000000e+01 1.200000000000000000e+01 6.502181287950000055e+00 1.634699162860000055e+00
6.000000000000000000e+01 8.000000000000000000e+00 6.922363853520000276e+00 2.509071912590000064e+00
6.000000000000000000e+01 4.000000000000000000e+00 7.365280703739999879e+00 3.358834103369999990e+00
6.400000000000000000e+01 8.000000000000000000e+01 4.863370457940000335e+00 -5.117245174289999810e+00
6.400000000000000000e+01 7.600000000000000000e+01 -1.317056733200000052e+00 -1.817476625870000007e+01
6.400000000000000000e+01 7.200000000000000000e+01 -7.943469984090000269e-01 -1.708013965179999971e+01
6.400000000000000000e+01 6.800000000000000000e+01 -1.985029864029999869e-01 -1.572875598859999968e+01
6.400000000000000000e+01 6.400000000000000000e+01 2.860017117349999971e-01 -1.436044199410000033e+01
6.400000000000000000e+01 6.000000000000000000e+01 7.897208259060000124e-01 -1.299311069300000021e+01
6.400000000000000000e+01 5.600000000000000000e+01 1.310368057010000031e+00 -1.146731900320000008e+01
6.400000000000000000e+01 5.200000000000000000e+01 1.820789694509999945e+00 -1.018573645829999919e+01
6.400000000000000000e+01 4.800000000000000000e+01 2.335289701989999855e+00 -8.854665777739999299e+00
6.400000000000000000e+01 4.400000000000000000e+01 2.887448384359999842e+00 -7.702450430799999914e+00
6.400000000000000000e+01 4.000000000000000000e+01 3.419388426119999824e+00 -6.490784263550000155e+00
6.400000000000000000e+01 3.600000000000000000e+01 3.695936168859999871e+00 -5.374922598470000423e+00
6.400000000000000000e+01 3.200000000000000000e+01 4.107445674850000117e+00 -4.280169633009999863e+00
6.400000000000000000e+01 2.800000000000000000e+01 4.727713936399999817e+00 -3.235725066220000112e+00
6.400000000000000000e+01 2.400000000000000000e+01 5.284094742879999806e+00 -2.203578681919999838e+00
6.400000000000000000e+01 2.000000000000000000e+01 5.796549322159999740e+00 -1.025201469300000001e+00
6.400000000000000000e+01 1.600000000000000000e+01 6.286071541290000120e+00 -6.320310879399999859e-02
6.400000000000000000e+01 1.200000000000000000e+01 6.718473742169999596e+00 7.935266286559999882e-01
6.400000000000000000e+01 8.000000000000000000e+00 7.230110406299999681e+00 1.628355944830000013e+00
6.400000000000000000e+01 4.000000000000000000e+00 7.703790855420000305e+00 2.585222545420000184e+00
6.800000000000000000e+01 8.000000000000000000e+01 5.194492052480000233e+00 -5.964063126650000157e+00
6.800000000000000000e+01 7.600000000000000000e+01 -8.425403863050000552e-01 -1.895643359789999849e+01
6.800000000000000000e+01 7.200000000000000000e+01 -3.163394643569999998e-01 -1.772036914119999906e+01
6.800000000000000000e+01 6.800000000000000000e+01 1.980370394360000119e-01 -1.642041851000000108e+01
6.800000000000000000e+01 6.400000000000000000e+01 7.278099635570000059e-01 -1.511612558610000079e+01
6.800000000000000000e+01 6.000000000000000000e+01 1.258285409990000048e+00 -1.383308650340000057e+01
6.800000000000000000e+01 5.600000000000000000e+01 1.801516394769999918e+00 -1.274197659010000017e+01
6.800000000000000000e+01 5.200000000000000000e+01 2.373284123359999942e+00 -1.142365360380000006e+01
6.800000000000000000e+01 4.800000000000000000e+01 2.853302988039999821e+00 -1.033068502529999932e+01
6.800000000000000000e+01 4.400000000000000000e+01 3.377828219119999975e+00 -9.058824400900000740e+00
6.800000000000000000e+01 4.000000000000000000e+01 3.952224930199999875e+00 -7.809941386640000260e+00
6.800000000000000000e+01 3.600000000000000000e+01 4.486797796450000320e+00 -6.657052839180000348e+00
6.800000000000000000e+01 3.200000000000000000e+01 5.007610392830000201e+00 -5.506627855569999674e+00
6.800000000000000000e+01 2.800000000000000000e+01 5.515288108550000068e+00 -4.405995804789999859e+00
6.800000000000000000e+01 2.400000000000000000e+01 6.183725852340000273e+00 -3.353500365960000007e+00
6.800000000000000000e+01 2.000000000000000000e+01 6.789376228400000102e+00 -2.342104950129999974e+00
6.800000000000000000e+01 1.600000000000000000e+01 7.174783312699999804e+00 -1.418190490460000008e+00
6.800000000000000000e+01 1.200000000000000000e+01 7.505471190229999756e+00 -4.784215075480000023e-01
6.800000000000000000e+01 8.000000000000000000e+00 7.909504200389999795e+00 4.237327164720000039e-01
6.800000000000000000e+01 4.000000000000000000e+00 8.312303507639999367e+00 1.287068360759999974e+00
7.200000000000000000e+01 8.000000000000000000e+01 5.839358813439999629e+00 -7.220779514120000186e+00
7.200000000000000000e+01 7.600000000000000000e+01 -5.565317109790000050e-01 -2.008629373569999998e+01
7.200000000000000000e+01 7.200000000000000000e+01 -1.366037832899999932e-05 -1.876307606519999993e+01
7.200000000000000000e+01 6.800000000000000000e+01 5.997636601350000429e-01 -1.742128540270000059e+01
7.200000000000000000e+01 6.400000000000000000e+01 1.244657154880000061e+00 -1.608621906149999958e+01
7.200000000000000000e+01 6.000000000000000000e+01 1.811279723309999978e+00 -1.493100355400000012e+01
7.200000000000000000e+01 5.600000000000000000e+01 2.330929053100000203e+00 -1.375094750220000073e+01
7.200000000000000000e+01 5.200000000000000000e+01 2.880354592569999816e+00 -1.259666431549999999e+01
7.200000000000000000e+01 4.800000000000000000e+01 3.384910271519999903e+00 -1.135768763679999971e+01
7.200000000000000000e+01 4.400000000000000000e+01 3.894689551069999922e+00 -1.003929890999999941e+01
7.200000000000000000e+01 4.000000000000000000e+01 4.436034122989999773e+00 -8.802372141910000281e+00
7.200000000000000000e+01 3.600000000000000000e+01 4.947205480470000083e+00 -7.593375724849999564e+00
7.200000000000000000e+01 3.200000000000000000e+01 5.454194627749999746e+00 -6.425697683400000138e+00
7.200000000000000000e+01 2.800000000000000000e+01 5.976402717160000044e+00 -5.326624196410000067e+00
7.200000000000000000e+01 2.400000000000000000e+01 6.454563343490000271e+00 -4.483856546230000184e+00
7.200000000000000000e+01 2.000000000000000000e+01 6.928271967149999711e+00 -3.449043186499999969e+00
7.200000000000000000e+01 1.600000000000000000e+01 7.400618394960000401e+00 -2.255044584200000202e+00
7.200000000000000000e+01 1.200000000000000000e+01 7.823460038550000384e+00 -1.357341295639999945e+00
7.200000000000000000e+01 8.000000000000000000e+00 8.256875668750000230e+00 -4.959899280319999826e-01
7.200000000000000000e+01 4.000000000000000000e+00 8.697085629629999204e+00 3.539652956279999985e-01
7.600000000000000000e+01 8.000000000000000000e+01 6.464190495130000436e+00 -7.738352466400000296e+00
7.600000000000000000e+01 7.600000000000000000e+01 2.708227102019999943e-01 -2.098359105489999976e+01
7.600000000000000000e+01 7.200000000000000000e+01 7.429362178870000388e-01 -1.970305352889999995e+01
7.600000000000000000e+01 6.800000000000000000e+01 1.270516571239999948e+00 -1.837485494290000076e+01
7.600000000000000000e+01 6.400000000000000000e+01 1.796900254110000095e+00 -1.704466364920000032e+01
7.600000000000000000e+01 6.000000000000000000e+01 2.276551569240000017e+00 -1.564835270929999922e+01
7.600000000000000000e+01 5.600000000000000000e+01 2.814064618469999779e+00 -1.432932535980000033e+01
7.600000000000000000e+01 5.200000000000000000e+01 3.353860658439999920e+00 -1.307555790650000027e+01
7.600000000000000000e+01 4.800000000000000000e+01 3.875150941179999808e+00 -1.182155908050000015e+01
7.600000000000000000e+01 4.400000000000000000e+01 4.414387545960000381e+00 -1.062072303200000079e+01
7.600000000000000000e+01 4.000000000000000000e+01 4.953280933740000336e+00 -9.430440479490000527e+00
7.600000000000000000e+01 3.600000000000000000e+01 5.474524685809999625e+00 -8.574861101979999845e+00
7.600000000000000000e+01 3.200000000000000000e+01 5.978343771539999629e+00 -7.189359790160000152e+00
7.600000000000000000e+01 2.800000000000000000e+01 6.483187385649999968e+00 -6.328829379270000111e+00
7.600000000000000000e+01 2.400000000000000000e+01 6.942152619099999811e+00 -5.255242316280000381e+00
7.600000000000000000e+01 2.000000000000000000e+01 7.382574742720000138e+00 -4.262863641200000053e+00
7.600000000000000000e+01 1.600000000000000000e+01 7.845099785390000413e+00 -3.263790313519999930e+00
7.600000000000000000e+01 1.200000000000000000e+01 8.249134503100000515e+00 -2.287203676129999863e+00
7.600000000000000000e+01 8.000000000000000000e+00 8.632248351379999463e+00 -1.366603459040000024e+00
7.600000000000000000e+01 4.000000000000000000e+00 9.020940756670000837e+00 -5.215264578739999823e-01
