0.000000000000000000e+00 8.000000000000000000e+01 -1.107600465900000053e+01 -1.895139932159999985e+00
0.000000000000000000e+00 7.600000000000000000e+01 -1.084374834519999986e+01 -7.502101559089999760e-01
0.000000000000000000e+00 7.200000000000000000e+01 -1.023590163639999950e+01 4.530815590880000188e-01
0.000000000000000000e+00 6.800000000000000000e+01 -9.669107779659999125e+00 1.721445126639999934e+00
0.000000000000000000e+00 6.400000000000000000e+01 -9.017491511139999361e+00 3.022484212460000208e+00
0.000000000000000000e+00 6.000000000000000000e+01 -8.492638430970000485e+00 4.214931081159999593e+00
0.000000000000000000e+00 5.600000000000000000e+01 -7.913126761980000090e+00 5.559029493769999775e+00
0.000000000000000000e+00 5.200000000000000000e+01 -7.346253504259999900e+00 6.881671293990000216e+00
0.000000000000000000e+00 4.800000000000000000e+01 -6.860936974110000364e+00 8.066067504099999397e+00
0.000000000000000000e+00 4.400000000000000000e+01 -6.267107521059999797e+00 9.211196529769999586e+00
0.000000000000000000e+00 4.000000000000000000e+01 -5.724264149509999733e+00 1.035311195140000073e+01
0.000000000000000000e+00 3.600000000000000000e+01 -5.138450777230000099e+00 1.148316504209999955e+01
0.000000000000000000e+00 3.200000000000000000e+01 -4.554878987660000433e+00 1.277574077649999928e+01
0.000000000000000000e+00 2.800000000000000000e+01 -3.873876684009999849e+00 1.402534522949999918e+01
0.000000000000000000e+00 2.400000000000000000e+01 -3.340081178670000206e+00 1.518134535499999949e+01
0.000000000000000000e+00 2.000000000000000000e+01 -2.871938518859999956e+00 1.628033816039999948e+01
0.000000000000000000e+00 1.600000000000000000e+01 -2.401248411920000159e+00 1.729581141259999910e+01
0.000000000000000000e+00 1.200000000000000000e+01 -1.998555186049999932e+00 1.823733762170000006e+01
0.000000000000000000e+00 8.000000000000000000e+00 -1.577796750160000094e+00 1.930841715149999871e+01
0.000000000000000000e+00 4.000000000000000000e+00 -1.168231393489999936e+00 2.016383858089999848e+01
4.000000000000000000e+00 8.000000000000000000e+01 -4.311878786240000316e+00 1.238273937559999993e+01
4.000000000000000000e+00 7.600000000000000000e+01 -1.069712552810000084e+01 -5.810829860330000152e-01
4.000000000000000000e+00 7.200000000000000000e+01 -1.017192581579999988e+01 7.195872162090000135e-01
4.000000000000000000e+00 6.800000000000000000e+01 -9.635465682899999607e+00 2.109029653899999968e+00
4.000000000000000000e+00 6.400000000000000000e+01 -9.038829875879999420e+00 3.302414392949999833e+00
4.000000000000000000e+00 6.000000000000000000e+01 -8.420199152180000368e+00 4.670072262439999733e+00
4.000000000000000000e+00 5.600000000000000000e+01 -7.791726125890000354e+00 5.865780546469999912e+00
4.000000000000000000e+00 5.200000000000000000e+01 -7.275426150120000379e+00 7.077219183050000417e+00
4.000000000000000000e+00 4.800000000000000000e+01 -6.774313953730000115e+00 8.315710918260000639e+00
4.000000000000000000e+00 4.400000000000000000e+01 -6.220837258299999561e+00 9.578085263680000239e+00
4.000000000000000000e+00 4.000000000000000000e+01 -5.630745626280000415e+00 1.065207957670000027e+01
4.000000000000000000e+00 3.600000000000000000e+01 -5.065621750770000098e+00 1.172456441789999992e+01
4.000000000000000000e+00 3.200000000000000000e+01 -4.438970677440000401e+00 1.277776165869999936e+01
4.000000000000000000e+00 2.800000000000000000e+01 -3.796965765749999999e+00 1.379886725559999938e+01
4.000000000000000000e+00 2.400000000000000000e+01 -3.270393398900000026e+00 1.498144108590000023e+01
4.000000000000000000e+00 2.000000000000000000e+01 -2.782454929880000094e+00 1.609874050579999860e+01
4.000000000000000000e+00 1.600000000000000000e+01 -2.334846593470000009e+00 1.713668166529999937e+01
4.000000000000000000e+00 1.200000000000000000e+01 -1.939148975419999976e+00 1.812393940600000164e+01
4.000000000000000000e+00 8.000000000000000000e+00 -1.522982774519999971e+00 1.904119966060000024e+01
4.000000000000000000e+00 4.000000000000000000e+00 -1.146612243939999942e+00 1.991399026110000037e+01
8.000000000000000000e+00 8.000000000000000000e+01 -3.005896884609999820e+00 9.892928809889999897e+00
8.000000000000000000e+00 7.600000000000000000e+01 -9.502124168599999976e+00 -3.148475802880000174e+00
8.000000000000000000e+00 7.200000000000000000e+01 -9.039007460800000615e+00 -1.812235949790000022e+00
8.000000000000000000e+00 6.800000000000000000e+01 -8.516236734559999633e+00 -5.760113037699999827e-01
8.000000000000000000e+00 6.400000000000000000e+01 -7.967852798930000091e+00 6.963272204339999716e-01
8.000000000000000000e+00 6.000000000000000000e+01 -7.402272154510000313e+00 1.938372041400000079e+00
8.000000000000000000e+00 5.600000000000000000e+01 -6.822101372259999685e+00 3.182683524669999819e+00
8.000000000000000000e+00 5.200000000000000000e+01 -6.233546105920000358e+00 4.654606152839999567e+00
8.000000000000000000e+00 4.800000000000000000e+01 -5.620878564249999876e+00 6.053254298149999713e+00
8.000000000000000000e+00 4.400000000000000000e+01 -4.957137429300000342e+00 7.212480834269999974e+00
8.000000000000000000e+00 4.000000000000000000e+01 -4.358806454699999833e+00 8.371454653400000723e+00
8.000000000000000000e+00 3.600000000000000000e+01 -3.753073262590000070e+00 9.674437888530000862e+00
8.000000000000000000e+00 3.200000000000000000e+01 -3.238252449660000032e+00 1.073553936569999934e+01
8.000000000000000000e+00 2.800000000000000000e+01 -2.730130771639999843e+00 1.197651643600000071e+01
8.000000000000000000e+00 2.400000000000000000e+01 -2.055844678380000179e+00 1.273660635379999917e+01
8.000000000000000000e+00 2.000000000000000000e+01 -1.622296499820000015e+00 1.351300676339999995e+01
8.000000000000000000e+00 1.600000000000000000e+01 -1.171973269940000062e+00 1.446764010559999925e+01
8.000000000000000000e+00 1.200000000000000000e+01 -7.790488154110000174e-01 1.541571305109999912e+01
8.000000000000000000e+00 8.000000000000000000e+00 -3.276657055900000226e-01 1.629358189719999928e+01
8.000000000000000000e+00 4.000000000000000000e+00 7.284099930069999618e-02 1.711235423899999830e+01
1.200000000000000000e+01 8.000000000000000000e+01 -2.447414087409999883e+00 8.180752356679999338e+00
1.200000000000000000e+01 7.600000000000000000e+01 -8.919077022939999821e+00 -4.698572507419999766e+00
1.200000000000000000e+01 7.200000000000000000e+01 -8.506062314010000236e+00 -3.428503527010000163e+00
1.200000000000000000e+01 6.800000000000000000e+01 -7.941932231030000011e+00 -2.114527742739999994e+00
1.200000000000000000e+01 6.400000000000000000e+01 -7.334150409050000263e+00 -8.128594257410000079e-01
1.200000000000000000e+01 6.000000000000000000e+01 -6.758762466770000366e+00 5.126731986879999869e-01
1.200000000000000000e+01 5.600000000000000000e+01 -6.216953868870000122e+00 1.815157776649999999e+00
1.200000000000000000e+01 5.200000000000000000e+01 -5.646064459929999835e+00 3.102605319629999858e+00
1.200000000000000000e+01 4.800000000000000000e+01 -5.009726897700000237e+00 4.355188588879999934e+00
1.200000000000000000e+01 4.400000000000000000e+01 -4.389859909760000178e+00 5.578541636679999804e+00
1.200000000000000000e+01 4.000000000000000000e+01 -3.806775624940000213e+00 6.984448565530000153e+00
1.200000000000000000e+01 3.600000000000000000e+01 -3.229072461969999974e+00 8.120440078759999736e+00
1.200000000000000000e+01 3.200000000000000000e+01 -2.693807612190000089e+00 9.238441300599999906e+00
1.200000000000000000e+01 2.800000000000000000e+01 -2.127362308519999967e+00 1.054198802630000031e+01
1.200000000000000000e+01 2.400000000000000000e+01 -1.596181378250000060e+00 1.170576773730000042e+01
1.200000000000000000e+01 2.000000000000000000e+01 -9.387000049479999886e-01 1.259451365970000047e+01
1.200000000000000000e+01 1.600000000000000000e+01 -5.232955835910000353e-01 1.353021884009999987e+01
1.200000000000000000e+01 1.200000000000000000e+01 -9.882189164509999624e-02 1.434582880439999997e+01
1.200000000000000000e+01 8.000000000000000000e+00 3.588651826250000010e-01 1.490876787310000040e+01
1.200000000000000000e+01 4.000000000000000000e+00 7.475021459859999551e-01 1.550477359519999965e+01
1.600000000000000000e+01 8.000000000000000000e+01 -1.781204265960000033e+00 6.722813046729999797e+00
1.600000000000000000e+01 7.600000000000000000e+01 -8.188321913819999409e+00 -5.940901101399999718e+00
1.600000000000000000e+01 7.200000000000000000e+01 -7.750975509759999937e+00 -4.678805086179999684e+00
1.600000000000000000e+01 6.800000000000000000e+01 -7.307394850529999708e+00 -3.349647072049999785e+00
1.600000000000000000e+01 6.400000000000000000e+01 -6.758791495069999655e+00 -2.062404434749999904e+00
1.600000000000000000e+01 6.000000000000000000e+01 -6.183027038609999693e+00 -7.367257083010000374e-01
1.600000000000000000e+01 5.600000000000000000e+01 -5.558178281450000036e+00 5.863135769159999455e-01
1.600000000000000000e+01 5.200000000000000000e+01 -4.973730520110000164e+00 1.849940728440000015e+00
1.600000000000000000e+01 4.800000000000000000e+01 -4.422003206880000370e+00 3.152414260710000082e+00
1.600000000000000000e+01 4.400000000000000000e+01 -3.801017348589999845e+00 4.311590637630000167e+00
1.600000000000000000e+01 4.000000000000000000e+01 -3.197944515160000112e+00 5.504193746910000407e+00
1.600000000000000000e+01 3.600000000000000000e+01 -2.646486567520000222e+00 6.675514413620000198e+00
1.600000000000000000e+01 3.200000000000000000e+01 -2.100216361989999836e+00 7.750390674810000213e+00
1.600000000000000000e+01 2.800000000000000000e+01 -1.536371332679999924e+00 8.825437690739999397e+00
1.600000000000000000e+01 2.400000000000000000e+01 -1.034613363250000084e+00 9.882961002569999209e+00
1.600000000000000000e+01 2.000000000000000000e+01 -5.904131845219999786e-01 1.104768327969999930e+01
1.600000000000000000e+01 1.600000000000000000e+01 -1.499676488209999992e-01 1.195303083059999949e+01
1.600000000000000000e+01 1.200000000000000000e+01 2.351528743550000133e-01 1.303435308279999916e+01
1.600000000000000000e+01 8.000000000000000000e+00 6.820179741230000259e-01 1.384154996150000017e+01
1.600000000000000000e+01 4.000000000000000000e+00 1.089523708590000028e+00 1.506341872389999992e+01
2.000000000000000000e+01 8.000000000000000000e+01 -1.385916565969999903e+00 6.041060276049999622e+00
2.000000000000000000e+01 7.600000000000000000e+01 -7.683274674709999807e+00 -6.826767245240000115e+00
2.000000000000000000e+01 7.200000000000000000e+01 -7.181044888619999789e+00 -5.742566495170000174e+00
2.000000000000000000e+01 6.800000000000000000e+01 -6.627242905430000164e+00 -4.490256860369999714e+00
2.000000000000000000e+01 6.400000000000000000e+01 -6.130522520679999587e+00 -3.243601341549999795e+00
2.000000000000000000e+01 6.000000000000000000e+01 -5.611335509319999915e+00 -1.985065135559999971e+00
2.000000000000000000e+01 5.600000000000000000e+01 -4.985335438399999930e+00 -7.296997381619999556e-01
2.000000000000000000e+01 5.200000000000000000e+01 -4.439199915669999719e+00 6.144655889619999867e-01
2.000000000000000000e+01 4.800000000000000000e+01 -3.831130798859999853e+00 1.883027872330000019e+00
2.000000000000000000e+01 4.400000000000000000e+01 -3.268745188880000097e+00 3.108003090059999973e+00
2.000000000000000000e+01 4.000000000000000000e+01 -2.642624522429999789e+00 4.305063964990000436e+00
2.000000000000000000e+01 3.600000000000000000e+01 -2.105090555739999925e+00 5.440671280080000116e+00
2.000000000000000000e+01 3.200000000000000000e+01 -1.530904406579999932e+00 6.563560782929999782e+00
2.000000000000000000e+01 2.800000000000000000e+01 -9.336276289939999806e-01 7.608445683480000277e+00
2.000000000000000000e+01 2.400000000000000000e+01 -4.093091178530000041e-01 8.656031070070000055e+00
2.000000000000000000e+01 2.000000000000000000e+01 7.293384718480000473e-02 9.691392125600000185e+00
2.000000000000000000e+01 1.600000000000000000e+01 4.989472398600000025e-01 1.060454658269999939e+01
2.000000000000000000e+01 1.200000000000000000e+01 9.116184116109999902e-01 1.147708617370000006e+01
2.000000000000000000e+01 8.000000000000000000e+00 1.314825289050000068e+00 1.228734383099999938e+01
2.000000000000000000e+01 4.000000000000000000e+00 1.716810523119999932e+00 1.290023207309999975e+01
2.400000000000000000e+01 8.000000000000000000e+01 -7.272413503079999675e-01 4.085602729879999728e+00
2.400000000000000000e+01 7.600000000000000000e+01 -7.087479407840000079e+00 -8.443424356679999576e+00
2.400000000000000000e+01 7.200000000000000000e+01 -6.736303524120000219e+00 -7.080247945059999992e+00
2.400000000000000000e+01 6.800000000000000000e+01 -6.118707574080000100e+00 -5.806606775709999724e+00
2.400000000000000000e+01 6.400000000000000000e+01 -5.512478766370000116e+00 -4.764373696109999834e+00
2.400000000000000000e+01 6.000000000000000000e+01 -4.984283162379999688e+00 -3.465240339789999791e+00
2.400000000000000000e+01 5.600000000000000000e+01 -4.342007604440000001e+00 -2.159183946420000222e+00
2.400000000000000000e+01 5.200000000000000000e+01 -3.726683546069999853e+00 -8.971904907629999482e-01
2.400000000000000000e+01 4.800000000000000000e+01 -3.062242530169999810e+00 3.389688148919999811e-01
2.400000000000000000e+01 4.400000000000000000e+01 -2.473931229649999786e+00 1.565564841850000111e+00
2.400000000000000000e+01 4.000000000000000000e+01 -2.132806182730000000e+00 2.923566638130000062e+00
2.400000000000000000e+01 3.600000000000000000e+01 -1.562182083950000022e+00 4.015453698900000035e+00
2.400000000000000000e+01 3.200000000000000000e+01 -9.813834578969999889e-01 4.909432826809999817e+00
2.400000000000000000e+01 2.800000000000000000e+01 -3.053183671620000039e-01 6.305746754970000367e+00
2.400000000000000000e+01 2.400000000000000000e+01 3.744177368089999791e-01 7.105364258179999837e+00
2.400000000000000000e+01 2.000000000000000000e+01 9.378877460450000259e-01 7.890503467900000345e+00
2.400000000000000000e+01 1.600000000000000000e+01 1.311661310639999911e+00 8.867811330569999484e+00
2.400000000000000000e+01 1.200000000000000000e+01 1.683202150420000098e+00 9.852429203210000708e+00
2.400000000000000000e+01 8.000000000000000000e+00 2.075599293009999791e+00 1.070453969839999964e+01
2.400000000000000000e+01 4.000000000000000000e+00 2.448248651150000121e+00 1.172519621040000004e+01
2.800000000000000000e+01 8.000000000000000000e+01 -7.906869775090000219e-02 3.064842697810000072e+00
2.800000000000000000e+01 7.600000000000000000e+01 -6.234424639000000212e+00 -9.734748458900000401e+00
2.800000000000000000e+01 7.200000000000000000e+01 -6.013447528780000439e+00 -8.682313638000000111e+00
2.800000000000000000e+01 6.800000000000000000e+01 -5.441053770669999956e+00 -7.417955976400000040e+00
2.800000000000000000e+01 6.400000000000000000e+01 -4.843480093300000178e+00 -6.024932918760000256e+00
2.800000000000000000e+01 6.000000000000000000e+01 -4.193874461720000113e+00 -4.692490650849999945e+00
2.800000000000000000e+01 5.600000000000000000e+01 -3.635598277740000217e+00 -3.459860285159999993e+00
2.800000000000000000e+01 5.200000000000000000e+01 -3.092743593679999847e+00 -2.202999609939999992e+00
2.800000000000000000e+01 4.800000000000000000e+01 -2.510061649689999896e+00 -9.620415361059999615e-01
2.800000000000000000e+01 4.400000000000000000e+01 -1.952872106120000062e+00 2.406505096259999865e-01
2.800000000000000000e+01 4.000000000000000000e+01 -1.428474407469999985e+00 1.269074974440000059e+00
2.800000000000000000e+01 3.600000000000000000e+01 -9.503633000079999560e-01 2.325459779120000015e+00
2.800000000000000000e+01 3.200000000000000000e+01 -3.870211166940000225e-01 3.356464241169999863e+00
2.800000000000000000e+01 2.800000000000000000e+01 1.604164908900000130e-01 4.522075296619999740e+00
2.800000000000000000e+01 2.400000000000000000e+01 6.388436013270000213e-01 5.846018674769999812e+00
2.800000000000000000e+01 2.000000000000000000e+01 1.105628974490000083e+00 6.839931581090000101e+00
2.800000000000000000e+01 1.600000000000000000e+01 1.601481391599999915e+00 7.698316458809999929e+00
2.800000000000000000e+01 1.200000000000000000e+01 2.046965859340000193e+00 8.405743910580000033e+00
2.800000000000000000e+01 8.000000000000000000e+00 2.484144283450000046e+00 9.086007700019999689e+00
2.800000000000000000e+01 4.000000000000000000e+00 2.899964065679999869e+00 9.810834204929999913e+00
3.200000000000000000e+01 8.000000000000000000e+01 3.534374767519999905e-01 1.263685955189999932e+00
3.200000000000000000e+01 7.600000000000000000e+01 -5.682039920060000249e+00 -1.116496872679999974e+01
3.200000000000000000e+01 7.200000000000000000e+01 -5.423357604309999580e+00 -1.000657803500000043e+01
3.200000000000000000e+01 6.800000000000000000e+01 -4.858018577840000241e+00 -8.706237229339999217e+00
3.200000000000000000e+01 6.400000000000000000e+01 -4.265800622549999588e+00 -7.361197104390000412e+00
3.200000000000000000e+01 6.000000000000000000e+01 -3.620020323789999939e+00 -5.995698855339999689e+00
3.200000000000000000e+01 5.600000000000000000e+01 -3.003737264180000199e+00 -4.638749441799999929e+00
3.200000000000000000e+01 5.200000000000000000e+01 -2.385836090060000192e+00 -3.379785495210000157e+00
3.200000000000000000e+01 4.800000000000000000e+01 -1.872611620400000065e+00 -2.110086198789999923e+00
3.200000000000000000e+01 4.400000000000000000e+01 -1.352176498690000006e+00 -9.217030791989999639e-01
3.200000000000000000e+01 4.000000000000000000e+01 -7.965188918429999543e-01 2.358332785900000006e-01
3.200000000000000000e+01 3.600000000000000000e+01 -2.988663196760000251e-01 1.411868723500000034e+00
3.200000000000000000e+01 3.200000000000000000e+01 2.335493006840000108e-01 2.348251053159999824e+00
3.200000000000000000e+01 2.800000000000000000e+01 7.537683109410000526e-01 3.341662794349999910e+00
3.200000000000000000e+01 2.400000000000000000e+01 1.214243069559999944e+00 4.547458414010000283e+00
3.200000000000000000e+01 2.000000000000000000e+01 1.695631600610000067e+00 5.546960549509999616e+00
3.200000000000000000e+01 1.600000000000000000e+01 2.115482902000000109e+00 6.483119937529999710e+00
3.200000000000000000e+01 1.200000000000000000e+01 2.491463044580000119e+00 7.352633754720000248e+00
3.200000000000000000e+01 8.000000000000000000e+00 2.945086002890000110e+00 8.152816029200000258e+00
3.200000000000000000e+01 4.000000000000000000e+00 3.418596977950000060e+00 9.013571836329999698e+00
3.600000000000000000e+01 8.000000000000000000e+01 8.660399189490000094e-01 3.582548145089999858e-01
3.600000000000000000e+01 7.600000000000000000e+01 -5.275627869630000077e+00 -1.243961094570000014e+01
3.600000000000000000e+01 7.200000000000000000e+01 -4.786799341590000090e+00 -1.123539480730000051e+01
3.600000000000000000e+01 6.800000000000000000e+01 -4.231013615330000199e+00 -9.939124794339999625e+00
3.600000000000000000e+01 6.400000000000000000e+01 -3.689272465560000214e+00 -8.434064436199999903e+00
3.600000000000000000e+01 6.000000000000000000e+01 -3.125229254040000182e+00 -7.372907463729999833e+00
3.600000000000000000e+01 5.600000000000000000e+01 -2.485782675069999836e+00 -6.205380540210000184e+00
3.600000000000000000e+01 5.200000000000000000e+01 -1.967522861890000030e+00 -5.297285118829999639e+00
3.600000000000000000e+01 4.800000000000000000e+01 -1.381612799740000064e+00 -3.901702874690000211e+00
3.600000000000000000e+01 4.400000000000000000e+01 -8.089687792349999906e-01 -2.601174879119999783e+00
3.600000000000000000e+01 4.000000000000000000e+01 -2.996450679630000002e-01 -1.361358514089999971e+00
3.600000000000000000e+01 3.600000000000000000e+01 2.239123306520000023e-01 5.777468921909999916e-02
3.600000000000000000e+01 3.200000000000000000e+01 7.222698797269999638e-01 1.175504904629999903e+00
3.600000000000000000e+01 2.800000000000000000e+01 1.085852161750000100e+00 2.256407206940000076e+00
3.600000000000000000e+01 2.400000000000000000e+01 1.809301102879999901e+00 3.051457234589999956e+00
3.600000000000000000e+01 2.000000000000000000e+01 2.322926419269999876e+00 3.923887756000000060e+00
3.600000000000000000e+01 1.600000000000000000e+01 2.818893989100000219e+00 4.938742449200000273e+00
3.600000000000000000e+01 1.200000000000000000e+01 3.264238758129999862e+00 5.867590119719999997e+00
3.600000000000000000e+01 8.000000000000000000e+00 3.703768688299999834e+00 6.789346773210000130e+00
3.600000000000000000e+01 4.000000000000000000e+00 4.128565046650000347e+00 7.580856841870000196e+00
4.000000000000000000e+01 8.000000000000000000e+01 1.613603376549999968e+00 -1.124320427480000051e+00
4.000000000000000000e+01 7.600000000000000000e+01 -4.496877021230000437e+00 -1.386156326959999951e+01
4.000000000000000000e+01 7.200000000000000000e+01 -4.073502195989999741e+00 -1.277017417230000085e+01
4.000000000000000000e+01 6.800000000000000000e+01 -3.531300648779999829e+00 -1.159826397490000005e+01
4.000000000000000000e+01 6.400000000000000000e+01 -3.000986618929999850e+00 -1.031111397199999935e+01
4.000000000000000000e+01 6.000000000000000000e+01 -2.456418411170000038e+00 -8.913746060290000273e+00
4.000000000000000000e+01 5.600000000000000000e+01 -1.848781303830000056e+00 -7.516356804219999965e+00
4.000000000000000000e+01 5.200000000000000000e+01 -1.294311883090000004e+00 -6.115536231870000172e+00
4.000000000000000000e+01 4.800000000000000000e+01 -7.627668183679999769e-01 -5.015699044349999802e+00
4.000000000000000000e+01 4.400000000000000000e+01 -1.470610698239999958e-01 -3.903207223849999963e+00
4.000000000000000000e+01 4.000000000000000000e+01 3.680803084350000032e-01 -2.428134811260000081e+00
4.000000000000000000e+01 3.600000000000000000e+01 8.447271140569999615e-01 -1.284986113560000032e+00
4.000000000000000000e+01 3.200000000000000000e+01 1.355980487170000082e+00 6.447334388669999361e-02
4.000000000000000000e+01 2.800000000000000000e+01 1.888393839699999965e+00 1.339316106260000083e+00
4.000000000000000000e+01 2.400000000000000000e+01 2.569291129189999801e+00 2.085121857369999887e+00
4.000000000000000000e+01 2.000000000000000000e+01 2.977355445060000161e+00 3.008605694949999965e+00
4.000000000000000000e+01 1.600000000000000000e+01 3.595185329079999992e+00 3.894764683150000018e+00
4.000000000000000000e+01 1.200000000000000000e+01 3.970793653239999887e+00 4.819681152910000321e+00
4.000000000000000000e+01 8.000000000000000000e+00 4.446678545920000225e+00 5.725098286359999733e+00
4.000000000000000000e+01 4.000000000000000000e+00 4.838144434900000235e+00 6.572899785959999797e+00
4.400000000000000000e+01 8.000000000000000000e+01 -4.482357319710000176e+00 -1.642183406670000068e+01
4.400000000000000000e+01 7.600000000000000000e+01 -3.944669887209999892e+00 -1.516141315540000001e+01
4.400000000000000000e+01 7.200000000000000000e+01 -3.467845630069999796e+00 -1.384906999979999931e+01
4.400000000000000000e+01 6.800000000000000000e+01 -2.865412486549999915e+00 -1.248782183600000018e+01
4.400000000000000000e+01 6.400000000000000000e+01 -2.329965996419999907e+00 -1.117416386889999913e+01
4.400000000000000000e+01 6.000000000000000000e+01 -1.792357964870000098e+00 -1.009219104119999955e+01
4.400000000000000000e+01 5.600000000000000000e+01 -1.231533373280000010e+00 -8.670726222069999878e+00
4.400000000000000000e+01 5.200000000000000000e+01 -6.589610697540000395e-01 -7.276369569999999953e+00
4.400000000000000000e+01 4.800000000000000000e+01 -1.217215349110000039e-01 -6.034222829800000021e+00
4.400000000000000000e+01 4.400000000000000000e+01 3.482827116409999979e-01 -4.957935707659999913e+00
4.400000000000000000e+01 4.000000000000000000e+01 8.697662140280000287e-01 -3.729071977849999886e+00
4.400000000000000000e+01 3.600000000000000000e+01 1.359070293999999901e+00 -2.539506595210000217e+00
4.400000000000000000e+01 3.200000000000000000e+01 1.919725838409999996e+00 -1.391849545759999973e+00
4.400000000000000000e+01 2.800000000000000000e+01 2.575628477520000015e+00 -2.465431219310000033e-01
4.400000000000000000e+01 2.400000000000000000e+01 3.112845053850000099e+00 9.288372117869999611e-01
4.400000000000000000e+01 2.000000000000000000e+01 3.498183622820000060e+00 1.935473479869999958e+00
4.400000000000000000e+01 1.600000000000000000e+01 3.973152629819999948e+00 2.853739693260000099e+00
4.400000000000000000e+01 1.200000000000000000e+01 4.375847349789999896e+00 3.786591135280000131e+00
4.400000000000000000e+01 8.000000000000000000e+00 4.806057913720000130e+00 4.656526716660000176e+00
4.400000000000000000e+01 4.000000000000000000e+00 5.211649914569999709e+00 5.693499696830000012e+00
4.800000000000000000e+01 8.000000000000000000e+01 2.724210918619999866e+00 -3.228364256729999937e+00
4.800000000000000000e+01 7.600000000000000000e+01 -3.380221560089999855e+00 -1.612530652659999930e+01
4.800000000000000000e+01 7.200000000000000000e+01 -2.938741610920000191e+00 -1.491646208120000061e+01
4.800000000000000000e+01 6.800000000000000000e+01 -2.385226068790000209e+00 -1.362752683769999962e+01
4.800000000000000000e+01 6.400000000000000000e+01 -1.842806809300000070e+00 -1.232749082920000028e+01
4.800000000000000000e+01 6.000000000000000000e+01 -1.291693466039999905e+00 -1.112607933720000020e+01
4.800000000000000000e+01 5.600000000000000000e+01 -8.472822451370000119e-01 -9.739062577140000343e+00
4.800000000000000000e+01 5.200000000000000000e+01 -2.784572341880000024e-01 -8.565121252220000869e+00
4.800000000000000000e+01 4.800000000000000000e+01 2.602914122760000004e-01 -7.259288120659999954e+00
4.800000000000000000e+01 4.400000000000000000e+01 8.210846276879999461e-01 -5.990619755910000066e+00
4.800000000000000000e+01 4.000000000000000000e+01 1.349016255540000042e+00 -4.571368771859999569e+00
4.800000000000000000e+01 3.600000000000000000e+01 1.885338397259999965e+00 -3.438607084340000064e+00
4.800000000000000000e+01 3.200000000000000000e+01 2.419962276480000174e+00 -2.090381956799999941e+00
4.800000000000000000e+01 2.800000000000000000e+01 2.927765070039999973e+00 -1.034834170459999925e+00
4.800000000000000000e+01 2.400000000000000000e+01 3.605256443010000034e+00 -2.645487812430000196e-01
4.800000000000000000e+01 2.000000000000000000e+01 4.164140940710000294e+00 4.305154144830000140e-01
4.800000000000000000e+01 1.600000000000000000e+01 4.590257233120000002e+00 1.383315331119999936e+00
4.800000000000000000e+01 1.200000000000000000e+01 4.992330832769999560e+00 2.324719984250000149e+00
4.800000000000000000e+01 8.000000000000000000e+00 5.382617233450000427e+00 3.248250565939999834e+00
4.800000000000000000e+01 4.000000000000000000e+00 5.796066513160000433e+00 4.204113769060000116e+00
5.200000000000000000e+01 8.000000000000000000e+01 3.354198112470000215e+00 -4.500896587549999772e+00
5.200000000000000000e+01 7.600000000000000000e+01 -2.745476499160000028e+00 -1.722974640780000044e+01
5.200000000000000000e+01 7.200000000000000000e+01 -2.337658283530000158e+00 -1.608085224039999872e+01
5.200000000000000000e+01 6.800000000000000000e+01 -1.797550402739999997e+00 -1.490082607070000087e+01
5.200000000000000000e+01 6.400000000000000000e+01 -1.291098065649999960e+00 -1.351327143319999990e+01
5.200000000000000000e+01 6.000000000000000000e+01 -7.335178672690000345e-01 -1.216981761969999987e+01
5.200000000000000000e+01 5.600000000000000000e+01 -1.684376142550000066e-01 -1.079981571469999935e+01
5.200000000000000000e+01 5.200000000000000000e+01 3.244717917400000151e-01 -9.720252236160000336e+00
5.200000000000000000e+01 4.800000000000000000e+01 8.084718296120000369e-01 -8.603533382340000202e+00
5.200000000000000000e+01 4.400000000000000000e+01 1.351232118320000009e+00 -7.448822455030000178e+00
5.200000000000000000e+01 4.000000000000000000e+01 1.844916910860000092e+00 -6.265905834659999840e+00
5.200000000000000000e+01 3.600000000000000000e+01 2.358622481969999907e+00 -5.129295335530000166e+00
5.200000000000000000e+01 3.200000000000000000e+01 2.906722110980000107e+00 -3.832333339039999842e+00
5.200000000000000000e+01 2.800000000000000000e+01 3.480160461140000105e+00 -2.896682159790000100e+00
5.200000000000000000e+01 2.400000000000000000e+01 3.948483267199999869e+00 -1.720988037569999962e+00
5.200000000000000000e+01 2.000000000000000000e+01 4.432939193520000210e+00 -6.066621511959999768e-01
5.200000000000000000e+01 1.600000000000000000e+01 4.892171658119999655e+00 3.569627881779999790e-01
5.200000000000000000e+01 1.200000000000000000e+01 5.328822236659999767e+00 1.307990617570000014e+00
5.200000000000000000e+01 8.000000000000000000e+00 5.803791883999999790e+00 2.259787296809999901e+00
5.200000000000000000e+01 4.000000000000000000e+00 6.262287968829999940e+00 2.729682113590000014e+00
5.600000000000000000e+01 8.000000000000000000e+01 3.740460464519999917e+00 -5.729944732469999913e+00
5.600000000000000000e+01 7.600000000000000000e+01 -2.311833551719999935e+00 -1.852341668000000041e+01
5.600000000000000000e+01 7.200000000000000000e+01 -1.834428515059999931e+00 -1.748133642590000036e+01
5.600000000000000000e+01 6.800000000000000000e+01 -1.455789081020000042e+00 -1.628983553839999843e+01
5.600000000000000000e+01 6.400000000000000000e+01 -1.075667709370000003e+00 -1.486629092669999963e+01
5.600000000000000000e+01 6.000000000000000000e+01 -4.432493416950000209e-01 -1.334813197329999923e+01
5.600000000000000000e+01 5.600000000000000000e+01 1.709571136249999901e-01 -1.199905349900000040e+01
5.600000000000000000e+01 5.200000000000000000e+01 6.576896407119999788e-01 -1.063497763680000041e+01
5.600000000000000000e+01 4.800000000000000000e+01 1.178403145989999956e+00 -9.356022153390000540e+00
5.600000000000000000e+01 4.400000000000000000e+01 1.769650360640000031e+00 -8.090465793590000843e+00
5.600000000000000000e+01 4.000000000000000000e+01 2.456235490170000091e+00 -6.869382503019999753e+00
5.600000000000000000e+01 3.600000000000000000e+01 2.947394179939999859e+00 -5.838047417120000304e+00
5.600000000000000000e+01 3.200000000000000000e+01 3.545109156850000165e+00 -4.593729530540000106e+00
5.600000000000000000e+01 2.800000000000000000e+01 4.043182132490000136e+00 -3.461290569460000022e+00
5.600000000000000000e+01 2.400000000000000000e+01 4.511701519929999904e+00 -2.455726214189999812e+00
5.600000000000000000e+01 2.000000000000000000e+01 4.935773024460000435e+00 -1.467827823039999924e+00
5.600000000000000000e+01 1.600000000000000000e+01 5.373063933240000090e+00 -4.926338505499999743e-01
5.600000000000000000e+01 1.200000000000000000e+01 5.790035029240000242e+00 3.668697641259999753e-01
5.600000000000000000e+01 8.000000000000000000e+00 6.229456103260000432e+00 1.259864144180000034e+00
5.600000000000000000e+01 4.000000000000000000e+00 6.683069883499999975e+00 2.162941404230000142e+00
6.000000000000000000e+01 8.000000000000000000e+01 4.079715533699999952e+00 -6.521169640730000161e+00
6.000000000000000000e+01 7.600000000000000000e+01 -2.080110206070000078e+00 -1.951751997790000104e+01
6.000000000000000000e+01 7.200000000000000000e+01 -1.549871628460000039e+00 -1.837732747140000100e+01
6.000000000000000000e+01 6.800000000000000000e+01 -9.998245417690000414e-01 -1.700046378760000110e+01
6.000000000000000000e+01 6.400000000000000000e+01 -3.943887030139999750e-01 -1.558071676099999969e+01
6.000000000000000000e+01 6.000000000000000000e+01 1.025719923350000007e-01 -1.417005644740000037e+01
6.000000000000000000e+01 5.600000000000000000e+01 6.146319147409999850e-01 -1.301359699170000006e+01
6.000000000000000000e+01 5.200000000000000000e+01 1.171634962129999957e+00 -1.147619824909999942e+01
6.000000000000000000e+01 4.800000000000000000e+01 1.746596231040000058e+00 -1.000662926150000054e+01
6.000000000000000000e+01 4.400000000000000000e+01 2.281614233520000035e+00 -8.818528954390000507e+00
6.000000000000000000e+01 4.000000000000000000e+01 2.878672231599999964e+00 -7.428166255429999865e+00
6.000000000000000000e+01 3.600000000000000000e+01 3.377769095300000135e+00 -6.609430198960000169e+00
6.000000000000000000e+01 3.200000000000000000e+01 4.032396410019999600e+00 -5.456401632620000441e+00
6.000000000000000000e+01 2.800000000000000000e+01 4.697654700750000245e+00 -4.345213524480000089e+00
6.000000000000000000e+01 2.400000000000000000e+01 5.155759757250000241e+00 -3.518103015759999952e+00
6.000000000000000000e+01 2.000000000000000000e+01 5.584972259789999782e+00 -2.449781174840000020e+00
6.000000000000000000e+01 1.600000000000000000e+01 6.002386891189999574e+00 -1.510321097909999910e+00
6.000000000000000000e+01 1.200000000000000000e+01 6.401009537760000256e+00 -4.254976266819999742e-01
6.000000000000000000e+01 8.000000000000000000e+00 6.798961972009999855e+00 4.127468107600000269e-01
6.000000000000000000e+01 4.000000000000000000e+00 7.291228646539999581e+00 1.219075001510000034e+00
6.400000000000000000e+01 8.000000000000000000e+01 4.789758947930000232e+00 -7.364203241400000266e+00
6.400000000000000000e+01 7.600000000000000000e+01 -1.344455076560000073e+00 -2.005768036570000135e+01
6.400000000000000000e+01 7.200000000000000000e+01 -8.257929225429999631e-01 -1.882032671079999986e+01
6.400000000000000000e+01 6.800000000000000000e+01 -2.585715653069999842e-01 -1.753242624090000135e+01
6.400000000000000000e+01 6.400000000000000000e+01 2.219994241179999994e-01 -1.621099466480000117e+01
6.400000000000000000e+01 6.000000000000000000e+01 6.888217496709999610e-01 -1.512004611469999915e+01
6.400000000000000000e+01 5.600000000000000000e+01 1.220636873669999956e+00 -1.378998544839999951e+01
6.400000000000000000e+01 5.200000000000000000e+01 1.756836178709999974e+00 -1.248190176950000030e+01
6.400000000000000000e+01 4.800000000000000000e+01 2.265130425729999786e+00 -1.116951421769999975e+01
6.400000000000000000e+01 4.400000000000000000e+01 2.790296627380000061e+00 -9.743240091589999707e+00
6.400000000000000000e+01 4.000000000000000000e+01 3.337515375420000208e+00 -8.608667977050000530e+00
6.400000000000000000e+01 3.600000000000000000e+01 3.867685971299999803e+00 -7.394065682229999936e+00
6.400000000000000000e+01 3.200000000000000000e+01 4.564620971850000153e+00 -6.298126825179999777e+00
6.400000000000000000e+01 2.800000000000000000e+01 5.198988024500000193e+00 -5.056822332690000366e+00
6.400000000000000000e+01 2.400000000000000000e+01 5.789285415980000238e+00 -4.024893020330000404e+00
6.400000000000000000e+01 2.000000000000000000e+01 6.368643832600000110e+00 -3.133430817129999824e+00
6.400000000000000000e+01 1.600000000000000000e+01 6.823212985549999665e+00 -2.322285448700000199e+00
6.400000000000000000e+01 1.200000000000000000e+01 7.160233729099999778e+00 -1.226652456060000063e+00
6.400000000000000000e+01 8.000000000000000000e+00 7.504501303369999654e+00 -1.278010035809999945e-01
6.400000000000000000e+01 4.000000000000000000e+00 7.832083152380000080e+00 5.165987431920000539e-01
6.800000000000000000e+01 8.000000000000000000e+01 5.294893271960000369e+00 -8.130839041770000719e+00
6.800000000000000000e+01 7.600000000000000000e+01 -8.364213905830000240e-01 -2.119568208900000172e+01
6.800000000000000000e+01 7.200000000000000000e+01 -3.583405387190000124e-01 -1.983755702919999919e+01
6.800000000000000000e+01 6.800000000000000000e+01 1.506015757530000110e-01 -1.852904134079999920e+01
6.800000000000000000e+01 6.400000000000000000e+01 6.419590213620000041e-01 -1.718955586719999928e+01
6.800000000000000000e+01 6.000000000000000000e+01 1.114936494619999996e+00 -1.587716575399999996e+01
6.800000000000000000e+01 5.600000000000000000e+01 1.722776266469999928e+00 -1.453521628969999924e+01
6.800000000000000000e+01 5.200000000000000000e+01 2.234145272560000173e+00 -1.312677578749999974e+01
6.800000000000000000e+01 4.800000000000000000e+01 2.767946754310000035e+00 -1.205309054059999951e+01
6.800000000000000000e+01 4.400000000000000000e+01 3.303924931970000145e+00 -1.100179721499999985e+01
6.800000000000000000e+01 4.000000000000000000e+01 3.814567163240000003e+00 -9.888836672800000116e+00
6.800000000000000000e+01 3.600000000000000000e+01 4.341196946360000197e+00 -8.697112096610000620e+00
6.800000000000000000e+01 3.200000000000000000e+01 4.869904814539999904e+00 -7.332050979659999967e+00
6.800000000000000000e+01 2.800000000000000000e+01 5.386212901160000399e+00 -6.324511845940000043e+00
6.800000000000000000e+01 2.400000000000000000e+01 5.879611252650000175e+00 -5.546802174499999794e+00
6.800000000000000000e+01 2.000000000000000000e+01 6.332865594180000279e+00 -4.711908451770000283e+00
6.800000000000000000e+01 1.600000000000000000e+01 6.779643635720000283e+00 -3.879284486279999999e+00
6.800000000000000000e+01 1.200000000000000000e+01 7.227000962680000029e+00 -2.655141911299999880e+00
6.800000000000000000e+01 8.000000000000000000e+00 7.678439754550000274e+00 -1.714466380850000027e+00
6.800000000000000000e+01 4.000000000000000000e+00 8.100217596169999368e+00 -6.306645565180000190e-01
7.200000000000000000e+01 8.000000000000000000e+01 5.664452609839999653e+00 -9.218737912390000844e+00
7.200000000000000000e+01 7.600000000000000000e+01 -4.077332918259999883e-01 -2.235880354049999852e+01
7.200000000000000000e+01 7.200000000000000000e+01 1.371648460880000031e-01 -2.104663882359999860e+01
7.200000000000000000e+01 6.800000000000000000e+01 5.021723698090000410e-01 -1.947816784300000137e+01
7.200000000000000000e+01 6.400000000000000000e+01 1.123313188020000020e+00 -1.814274803949999892e+01
7.200000000000000000e+01 6.000000000000000000e+01 1.708805861579999918e+00 -1.684554655950000068e+01
7.200000000000000000e+01 5.600000000000000000e+01 2.240682403920000176e+00 -1.557721458149999982e+01
7.200000000000000000e+01 5.200000000000000000e+01 2.716533999440000180e+00 -1.427037741220000022e+01
7.200000000000000000e+01 4.800000000000000000e+01 3.163821530399999915e+00 -1.303105068630000041e+01
7.200000000000000000e+01 4.400000000000000000e+01 3.720005755499999900e+00 -1.179709590430000077e+01
7.200000000000000000e+01 4.000000000000000000e+01 4.287860426019999949e+00 -1.062303419730000087e+01
7.200000000000000000e+01 3.600000000000000000e+01 4.842580642759999776e+00 -9.292502247879999899e+00
7.200000000000000000e+01 3.200000000000000000e+01 5.378035030290000407e+00 -8.223176369160000831e+00
7.200000000000000000e+01 2.800000000000000000e+01 6.083624307410000043e+00 -6.992638389229999696e+00
7.200000000000000000e+01 2.400000000000000000e+01 6.703313283540000000e+00 -6.053275215600000259e+00
7.200000000000000000e+01 2.000000000000000000e+01 7.073886477620000335e+00 -5.112175893269999882e+00
7.200000000000000000e+01 1.600000000000000000e+01 7.471435503820000434e+00 -3.961078136029999808e+00
7.200000000000000000e+01 1.200000000000000000e+01 7.843027676750000232e+00 -3.139311610000000030e+00
7.200000000000000000e+01 8.000000000000000000e+00 8.247713823750000728e+00 -2.237125156029999840e+00
7.200000000000000000e+01 4.000000000000000000e+00 8.669506179529999912e+00 -1.482517212070000090e+00
7.600000000000000000e+01 8.000000000000000000e+01 6.193414048790000237e+00 -1.031444454300000046e+01
7.600000000000000000e+01 7.600000000000000000e+01 -2.104706117469999915e-01 -2.312120291600000144e+01
7.600000000000000000e+01 7.200000000000000000e+01 3.350013554390000037e-01 -2.178320130099999830e+01
7.600000000000000000e+01 6.800000000000000000e+01 9.001251242279999509e-01 -2.037575203009999925e+01
7.600000000000000000e+01 6.400000000000000000e+01 1.530282859369999970e+00 -1.898891285499999881e+01
7.600000000000000000e+01 6.000000000000000000e+01 2.060462953470000080e+00 -1.768584765760000010e+01
7.600000000000000000e+01 5.600000000000000000e+01 2.576192395010000080e+00 -1.636614070430000112e+01
7.600000000000000000e+01 5.200000000000000000e+01 3.109678834289999916e+00 -1.507876103629999953e+01
7.600000000000000000e+01 4.800000000000000000e+01 3.630370194809999784e+00 -1.366851565660000034e+01
7.600000000000000000e+01 4.400000000000000000e+01 4.177184040710000268e+00 -1.269830606810000084e+01
7.600000000000000000e+01 4.000000000000000000e+01 4.711081571990000327e+00 -1.148357656099999957e+01
7.600000000000000000e+01 3.600000000000000000e+01 5.235517583730000091e+00 -1.055198486199999941e+01
7.600000000000000000e+01 3.200000000000000000e+01 5.765750291639999858e+00 -9.414612369860000385e+00
7.600000000000000000e+01 2.800000000000000000e+01 6.267064405490000212e+00 -8.241509450669999737e+00
7.600000000000000000e+01 2.400000000000000000e+01 6.741921781600000330e+00 -7.181698025460000245e+00
7.600000000000000000e+01 2.000000000000000000e+01 7.204925791279999991e+00 -6.048080856740000399e+00
7.600000000000000000e+01 1.600000000000000000e+01 7.641807742480000165e+00 -5.114504560890000384e+00
7.600000000000000000e+01 1.200000000000000000e+01 8.091836954059999698e+00 -4.241429226930000240e+00
7.600000000000000000e+01 8.000000000000000000e+00 8.520056517849999622e+00 -3.530057767799999802e+00
7.600000000000000000e+01 4.000000000000000000e+00 8.912274154520000380e+00 -2.572104526790000012e+00
